0
0
0
0
0
0
0
0
0
0
0
0
0
0
0
0
0
0
0
0
0
0
0
0
0
0
0
0
0
0
0
0
0
0
0
0
0
0
0
0
0
0
0
0
0
0
0
0
0
0
0
0
0
0
0
0
0
0
0
0
0
0
0
0
0
0
0
0
0
0
0
0
0
0
0
0
0
0
0
0
0
0
0
0
0
0
0
0
0
0
0
0
0
0
0
0
0
0
0
0
0
0
0
0
0
0
0
0
0
0
0
0
0
0
0
0
0
0
0
0
0
0
0
0
0
0
0
0
0
0
0
0
0
0
0
0
0
0
0
0
0
0
0
0
0
0
0
0
0
0
0
0
0
0
0
0
0
0
0
0
0
0
0
0
0
0
0
0
0
0
0
0
0
0
0
0
0
0
0
0
0
0
0
0
0
0
0
0
0
0
0
0
0
0
0
0
0
0
0
0
0
0
0
0
0
0
0
0
0
0
0
0
0
0
0
0
0
0
0
0
0
0
0
0
0
0
0
0
0
0
0
0
0
0
0
0
0
0
0
0
1
1
1
1
1
1
1
1
1
1
0
0
0
0
0
0
0
0
0
0
0
0
0
0
0
0
0
0
0
0
0
0
0
0
0
0
0
0
0
0
0
0
0
0
0
0
0
0
0
0
0
0
0
0
0
0
0
0
0
0
0
0
0
0
0
0
0
0
0
0
0
0
0
0
0
0
0
0
0
0
0
0
0
0
0
0
0
0
0
0
0
0
0
0
0
0
0
0
0
0
0
0
0
0
0
0
0
0
0
0
0
0
0
0
0
0
0
0
0
0
0
0
0
0
0
0
0
0
0
0
0
0
0
0
0
0
0
0
0
0
0
0
0
0
0
0
0
0
0
0
0
0
0
0
0
0
0
0
0
0
0
0
0
0
0
0
0
0
0
0
0
0
0
0
0
0
0
0
0
0
0
0
0
0
0
0
0
0
0
0
0
0
0
0
0
0
0
0
0
0
0
0
0
0
0
0
0
0
0
0
0
0
0
0
0
0
0
0
0
0
0
0
0
0
0
0
0
0
0
0
0
0
0
0
0
0
0
0
0
0
167
-964
-1314
1276
-109
-1049
-1683
-1353
-130
187
1066
375
-810
-223
473
314
-788
1285
-1099
749
-1417
-1695
697
1085
-1539
532
13
-1435
-1065
990
269
-47
-661
-1061
-1839
1766
-1234
1125
-1611
-1373
955
-1064
234
-1074
-1708
-910
-946
631
-1304
1016
1117
1610
-296
-1168
1418
-159
1166
1749
419
-1495
1163
1115
-1389
-122
-2020
-1152
301
513
-633
-906
465
-1977
162
-703
437
-1592
-455
-1261
84
760
-611
1832
964
1548
1895
37
546
1944
-1899
-1581
-816
-1717
1596
353
1981
1311
227
-1135
956
-1748
1737
-1450
-14
-1180
-356
-210
474
481
-952
1400
-840
-378
1154
-1141
96
-2
-1776
1035
-1326
236
1312
1982
1129
1701
1687
988
811
1801
1843
-345
-128
-1514
-1797
872
1709
841
1174
1730
-1569
-1495
-1597
1332
-1623
-1286
-1386
1297
-1220
563
-10
-32
-1146
-1331
22
1135
-199
515
-1165
-112
-65
267
1011
1178
-896
1810
-80
-117
1921
11
242
953
-1113
-2014
54
-588
-1519
247
451
336
-1128
-785
1972
791
737
-1921
-1021
-410
373
1606
815
888
-1206
-1772
-1265
1485
865
-758
-1036
1902
316
1188
-82
1165
303
857
922
938
1079
171
1243
0
1104
-1302
-1231
-1798
-290
-539
-1239
6
-1254
330
867
-1619
84
-1629
688
-125
52
-1981
604
477
937
-557
1907
-1225
-1834
997
1327
-1656
-1632
528
